\fixlen=T
| ra          | dec        | cntr            |
|double       |double      |int              |
  68.31925200   26.4566730   1                
  64.74199300   23.8419910   2                
  70.81612900   23.8995990   3                
  72.13488400   23.7963490   4                
  64.74589800   25.9611260   5                
  64.91873100   27.0168820   6                
  64.02015300   26.3002990   7                
  64.54414700   28.7464830   8                
  63.89861100   28.7949200   9                
  69.48626700   25.7730350   10               
  65.44355200   24.0298840   11               
  68.12217000   28.2431130   12               
  67.88175200   29.6385920   13               
  248.9550524   22.9660231   14               
  247.1301381   22.9900617   15               
  247.3772444   21.4647239   16               
  247.2368570   21.7446302   17               
  247.6719067   21.5833296   18               
  247.6338533   21.8509333   19               
  248.0489003   22.6233470   20               
  247.2706721   22.2680344   21               
  247.6596758   21.9709421   22               
  247.3338329   21.9450462   23               
  247.3515050   22.9373767   24               
  247.7905398   22.6769538   25               
  248.1292533   22.7269598   26               
  248.3170852   22.7967842   27               
  247.8893251   22.7663927   28               
  276.1765182   11.6383955   29               
  276.3034118   11.4424957   30               
  276.3240225   11.6307780   31               
  276.9395247   11.7450937   32               
  277.0100961   11.4634988   33               
  276.9265045   11.6621655   34               
  276.5548269   11.6869978   35               
  276.5060119   11.7254338   36               
  277.4241683   11.5774332   37               
  277.9339292   11.5383992   38               
  277.3626168   11.4843532   39               
  277.9688575   11.6396536   40               
  276.4363277   11.2271286   41               
  276.2082278   11.1030564   42               
  276.4596411   11.3916527   43               
